301 0 FT911-1237 0
301 0 FT911-1697 0
301 0 FT911-1821 0
301 0 FT911-2267 0
301 0 FT911-2671 0
301 0 FT911-2685 0
301 0 FT911-2704 0
301 0 FT911-2706 0
301 0 FT911-3036 0
301 0 FT911-3105 0
301 0 FT911-3453 0
301 0 FT911-4494 0
301 0 FT911-456 0
301 0 FT911-4634 0
301 0 FT911-4747 0
301 0 FT911-5227 0
301 0 FT911-629 0
301 0 FT911-71 0
302 0 FT911-1088 0
302 0 FT911-1471 0
302 0 FT911-2081 0
302 0 FT911-2372 0
302 0 FT911-241 0
302 0 FT911-2589 0
302 0 FT911-2707 0
302 0 FT911-2968 0
302 0 FT911-460 0
302 0 FT911-4947 0
302 0 FT911-5041 0
302 0 FT911-624 0
302 0 FT911-679 0
302 0 FT911-870 0
303 0 FT911-1000 0
303 0 FT911-216 0
303 0 FT911-2608 0
303 0 FT911-3687 0
303 0 FT911-4155 0
303 0 FT911-5046 0
304 0 FT911-1147 1
304 0 FT911-3451 0
304 0 FT911-4525 0
304 0 FT911-916 0
305 0 FT911-1396 0
305 0 FT911-1675 0
305 0 FT911-2155 0
305 0 FT911-2803 0
305 0 FT911-3170 0
305 0 FT911-3329 0
305 0 FT911-3786 0
305 0 FT911-4885 0
305 0 FT911-83 0
306 0 FT911-1070 0
306 0 FT911-1303 1
306 0 FT911-1306 1
306 0 FT911-1392 0
306 0 FT911-1450 0
306 0 FT911-1691 0
306 0 FT911-2119 0
306 0 FT911-2203 0
306 0 FT911-2317 0
306 0 FT911-2324 0
306 0 FT911-2370 0
306 0 FT911-2427 0
306 0 FT911-2686 1
306 0 FT911-302 0
306 0 FT911-3645 0
306 0 FT911-3996 0
306 0 FT911-438 1
306 0 FT911-4527 1
306 0 FT911-5080 0
306 0 FT911-5351 1
306 0 FT911-556 1
306 0 FT911-646 0
306 0 FT911-681 0
307 0 FT911-101 0
307 0 FT911-1338 0
307 0 FT911-1360 0
307 0 FT911-1362 0
307 0 FT911-1720 0
307 0 FT911-2288 0
307 0 FT911-2666 0
307 0 FT911-3036 0
307 0 FT911-3406 0
307 0 FT911-3434 1
307 0 FT911-3436 1
307 0 FT911-3770 0
307 0 FT911-3898 0
307 0 FT911-4011 0
307 0 FT911-4711 0
307 0 FT911-4766 0
307 0 FT911-5209 0
307 0 FT911-890 0
308 0 FT911-1096 0
308 0 FT911-1502 0
308 0 FT911-1626 0
308 0 FT911-1672 0
308 0 FT911-1673 0
308 0 FT911-1772 0
308 0 FT911-2053 0
308 0 FT911-2485 0
308 0 FT911-3037 0
308 0 FT911-3232 0
308 0 FT911-4566 0
308 0 FT911-5163 0
308 0 FT911-679 0
308 0 FT911-959 0
309 0 FT911-1005 0
309 0 FT911-1306 0
309 0 FT911-1477 0
309 0 FT911-1508 0
309 0 FT911-1567 0
309 0 FT911-2312 0
309 0 FT911-2637 0
309 0 FT911-2685 0
309 0 FT911-2686 0
309 0 FT911-2704 0
309 0 FT911-2706 0
309 0 FT911-3218 0
309 0 FT911-3645 0
309 0 FT911-4079 0
309 0 FT911-4158 0
309 0 FT911-4169 0
309 0 FT911-4634 0
309 0 FT911-4747 0
309 0 FT911-629 0
309 0 FT911-741 0
309 0 FT911-743 0
309 0 FT911-838 0
310 0 FT911-1498 0
310 0 FT911-2905 0
310 0 FT911-3505 0
310 0 FT911-351 0
310 0 FT911-3521 0
310 0 FT911-3604 0
310 0 FT911-3935 0
310 0 FT911-4011 0
310 0 FT911-4015 0
310 0 FT911-4485 0
310 0 FT911-671 0
310 0 FT911-699 0
310 0 FT911-724 0
310 0 FT911-990 0
310 0 FT911-991 0
311 0 FT911-1108 0
311 0 FT911-1210 0
311 0 FT911-2159 1
311 0 FT911-2173 0
311 0 FT911-2278 0
311 0 FT911-2658 0
311 0 FT911-3757 0
311 0 FT911-3920 1
311 0 FT911-4085 0
311 0 FT911-414 1
311 0 FT911-4575 0
311 0 FT911-4842 0
312 0 FT911-1483 0
312 0 FT911-1824 0
312 0 FT911-1835 0
312 0 FT911-2262 0
312 0 FT911-2338 0
312 0 FT911-2821 0
312 0 FT911-2922 0
312 0 FT911-3700 0
312 0 FT911-385 0
312 0 FT911-4743 0
312 0 FT911-4755 0
312 0 FT911-487 0
312 0 FT911-657 0
313 0 FT911-12 0
313 0 FT911-1868 0
313 0 FT911-3088 0
313 0 FT911-3225 0
313 0 FT911-382 0
313 0 FT911-3916 0
313 0 FT911-4119 0
313 0 FT911-4525 0
313 0 FT911-4721 0
313 0 FT911-4743 0
313 0 FT911-878 0
313 0 FT911-943 0
314 0 FT911-1401 1
314 0 FT911-163 0
314 0 FT911-2218 0
314 0 FT911-2584 0
314 0 FT911-2807 0
314 0 FT911-3169 0
314 0 FT911-3444 0
314 0 FT911-368 1
314 0 FT911-375 0
314 0 FT911-3777 0
314 0 FT911-3861 0
314 0 FT911-4011 0
314 0 FT911-4322 0
314 0 FT911-4508 0
314 0 FT911-4781 0
314 0 FT911-4917 0
314 0 FT911-5229 0
314 0 FT911-805 0
314 0 FT911-806 0
314 0 FT911-81 0
315 0 FT911-1011 0
315 0 FT911-1364 0
315 0 FT911-1602 0
315 0 FT911-1822 0
315 0 FT911-2781 0
315 0 FT911-3558 0
315 0 FT911-3685 0
315 0 FT911-4201 0
315 0 FT911-5115 0
316 0 FT911-106 0
316 0 FT911-1131 0
316 0 FT911-1512 0
316 0 FT911-1806 0
316 0 FT911-2019 0
316 0 FT911-2081 0
316 0 FT911-2132 0
316 0 FT911-2458 0
316 0 FT911-2656 0
316 0 FT911-3951 0
316 0 FT911-4078 0
316 0 FT911-4176 0
316 0 FT911-4509 0
316 0 FT911-4804 0
316 0 FT911-5221 0
316 0 FT911-647 0
316 0 FT911-785 0
317 0 FT911-1820 0
317 0 FT911-2315 0
317 0 FT911-2342 0
317 0 FT911-2659 0
317 0 FT911-290 0
317 0 FT911-3451 0
317 0 FT911-3686 0
317 0 FT911-3917 0
317 0 FT911-4154 0
317 0 FT911-4415 0
317 0 FT911-4541 0
317 0 FT911-4679 0
317 0 FT911-5004 0
317 0 FT911-511 0
317 0 FT911-5191 0
317 0 FT911-680 0
317 0 FT911-812 0
318 0 FT911-1315 0
318 0 FT911-1410 0
318 0 FT911-1522 0
318 0 FT911-3335 0
318 0 FT911-3795 0
318 0 FT911-3991 0
318 0 FT911-400 0
318 0 FT911-4081 0
318 0 FT911-5220 1
318 0 FT911-5307 0
318 0 FT911-711 0
319 0 FT911-154 0
319 0 FT911-19 0
319 0 FT911-2040 0
319 0 FT911-2041 0
319 0 FT911-2288 0
319 0 FT911-255 0
319 0 FT911-2639 0
319 0 FT911-272 0
319 0 FT911-2750 0
319 0 FT911-2922 0
319 0 FT911-3006 0
319 0 FT911-3035 0
319 0 FT911-3410 0
319 0 FT911-3412 0
319 0 FT911-3417 0
319 0 FT911-3431 0
319 0 FT911-371 0
319 0 FT911-3787 0
319 0 FT911-3858 0
319 0 FT911-3920 0
319 0 FT911-463 0
319 0 FT911-5118 0
319 0 FT911-5249 0
320 0 FT911-1902 0
320 0 FT911-2157 0
320 0 FT911-2538 0
320 0 FT911-287 0
320 0 FT911-3392 0
320 0 FT911-351 0
320 0 FT911-4010 0
320 0 FT911-4015 0
320 0 FT911-4418 0
320 0 FT911-447 0
320 0 FT911-4777 0
320 0 FT911-4838 0
320 0 FT911-5096 0
321 0 FT911-1344 1
321 0 FT911-1351 0
321 0 FT911-1975 0
321 0 FT911-207 0
321 0 FT911-2071 0
321 0 FT911-3121 0
321 0 FT911-3241 0
321 0 FT911-3409 1
321 0 FT911-3639 0
321 0 FT911-3886 0
321 0 FT911-4061 0
321 0 FT911-4321 0
321 0 FT911-5004 0
321 0 FT911-5176 0
321 0 FT911-5233 0
321 0 FT911-560 0
321 0 FT911-629 0
322 0 FT911-1291 0
322 0 FT911-1399 0
322 0 FT911-1400 0
322 0 FT911-1401 0
322 0 FT911-1402 0
322 0 FT911-1677 0
322 0 FT911-1912 0
322 0 FT911-2080 0
322 0 FT911-260 0
322 0 FT911-2685 0
322 0 FT911-2704 0
322 0 FT911-2706 0
322 0 FT911-2791 0
322 0 FT911-2959 0
322 0 FT911-4177 0
322 0 FT911-4364 0
322 0 FT911-4500 0
322 0 FT911-4634 0
322 0 FT911-465 0
322 0 FT911-4747 0
322 0 FT911-4843 0
322 0 FT911-5008 0
322 0 FT911-5050 0
322 0 FT911-5062 0
322 0 FT911-5197 0
322 0 FT911-5359 0
322 0 FT911-576 0
322 0 FT911-629 0
323 0 FT911-1288 0
323 0 FT911-1305 0
323 0 FT911-1350 0
323 0 FT911-1482 0
323 0 FT911-1491 0
323 0 FT911-1492 0
323 0 FT911-1496 0
323 0 FT911-1588 0
323 0 FT911-1702 0
323 0 FT911-1705 0
323 0 FT911-1806 0
323 0 FT911-2797 0
323 0 FT911-2798 0
323 0 FT911-2799 0
323 0 FT911-2823 0
323 0 FT911-2838 0
323 0 FT911-3360 0
323 0 FT911-3514 0
323 0 FT911-3730 0
323 0 FT911-3920 0
323 0 FT911-4193 0
323 0 FT911-4279 0
323 0 FT911-4457 0
323 0 FT911-4568 0
323 0 FT911-4696 0
323 0 FT911-4754 0
323 0 FT911-4783 0
323 0 FT911-4804 0
323 0 FT911-493 0
323 0 FT911-4957 0
323 0 FT911-5232 0
324 0 FT911-100 0
324 0 FT911-1021 0
324 0 FT911-18 0
324 0 FT911-2133 0
324 0 FT911-2473 0
324 0 FT911-2704 0
324 0 FT911-3135 1
324 0 FT911-3891 0
324 0 FT911-4019 0
324 0 FT911-437 0
324 0 FT911-446 0
324 0 FT911-5072 0
324 0 FT911-5079 0
325 0 FT911-1458 0
325 0 FT911-1653 0
325 0 FT911-1663 0
325 0 FT911-3142 0
325 0 FT911-4166 0
325 0 FT911-5224 0
325 0 FT911-5226 0
325 0 FT911-5307 0
326 0 FT911-1487 0
326 0 FT911-1609 0
326 0 FT911-167 0
326 0 FT911-2904 0
326 0 FT911-4602 0
326 0 FT911-5168 0
326 0 FT911-5220 0
326 0 FT911-5291 0
326 0 FT911-5368 0
327 0 FT911-1118 0
327 0 FT911-1218 0
327 0 FT911-131 0
327 0 FT911-1799 0
327 0 FT911-1825 0
327 0 FT911-199 0
327 0 FT911-2061 0
327 0 FT911-2173 0
327 0 FT911-2191 0
327 0 FT911-2319 0
327 0 FT911-2324 0
327 0 FT911-2519 0
327 0 FT911-2951 0
327 0 FT911-338 0
327 0 FT911-3399 0
327 0 FT911-3426 0
327 0 FT911-3432 0
327 0 FT911-3445 0
327 0 FT911-3446 0
327 0 FT911-3639 0
327 0 FT911-3663 0
327 0 FT911-368 0
327 0 FT911-3697 0
327 0 FT911-4 0
327 0 FT911-4005 0
327 0 FT911-4065 0
327 0 FT911-4157 0
327 0 FT911-4184 0
327 0 FT911-4380 0
327 0 FT911-4648 0
327 0 FT911-4702 0
327 0 FT911-48 0
327 0 FT911-4887 0
327 0 FT911-5351 0
327 0 FT911-665 0
327 0 FT911-801 0
327 0 FT911-802 0
328 0 FT911-1652 0
328 0 FT911-1947 0
328 0 FT911-2696 0
328 0 FT911-2987 0
328 0 FT911-3169 0
328 0 FT911-4513 0
328 0 FT911-4754 0
328 0 FT911-4807 0
328 0 FT911-5337 0
328 0 FT911-557 0
329 0 FT911-1014 0
329 0 FT911-1650 0
329 0 FT911-1689 0
329 0 FT911-1805 0
329 0 FT911-1924 0
329 0 FT911-2136 0
329 0 FT911-2964 0
329 0 FT911-3179 0
329 0 FT911-3363 0
329 0 FT911-3397 0
329 0 FT911-3467 0
329 0 FT911-3548 0
329 0 FT911-3641 0
329 0 FT911-4156 0
329 0 FT911-443 0
329 0 FT911-5201 0
329 0 FT911-626 0
329 0 FT911-661 0
329 0 FT911-697 0
330 0 FT911-105 0
330 0 FT911-1238 0
330 0 FT911-1462 0
330 0 FT911-1615 0
330 0 FT911-1919 0
330 0 FT911-2062 0
330 0 FT911-213 0
330 0 FT911-2305 0
330 0 FT911-2423 0
330 0 FT911-2540 0
330 0 FT911-2775 0
330 0 FT911-2894 0
330 0 FT911-3545 0
330 0 FT911-4000 0
330 0 FT911-4080 0
330 0 FT911-429 0
330 0 FT911-4311 0
330 0 FT911-4360 1
330 0 FT911-4465 0
330 0 FT911-4884 0
330 0 FT911-4887 0
330 0 FT911-4988 0
330 0 FT911-5038 0
330 0 FT911-5209 0
330 0 FT911-5292 0
330 0 FT911-541 0
330 0 FT911-563 0
330 0 FT911-573 0
330 0 FT911-578 0
330 0 FT911-784 0
330 0 FT911-820 0
330 0 FT911-903 0
331 0 FT911-1146 0
331 0 FT911-1222 0
331 0 FT911-1280 0
331 0 FT911-1393 0
331 0 FT911-1466 0
331 0 FT911-1688 0
331 0 FT911-1690 1
331 0 FT911-2054 0
331 0 FT911-2055 0
331 0 FT911-2297 1
331 0 FT911-2300 1
331 0 FT911-2420 1
331 0 FT911-2421 1
331 0 FT911-2438 0
331 0 FT911-2567 0
331 0 FT911-2569 0
331 0 FT911-2602 0
331 0 FT911-2604 0
331 0 FT911-2650 1
331 0 FT911-2691 0
331 0 FT911-2738 0
331 0 FT911-2760 1
331 0 FT911-2867 0
331 0 FT911-2908 0
331 0 FT911-3103 1
331 0 FT911-3275 0
331 0 FT911-336 1
331 0 FT911-351 0
331 0 FT911-4312 1
331 0 FT911-4873 0
331 0 FT911-5176 0
331 0 FT911-697 1
331 0 FT911-784 0
332 0 FT911-1027 0
332 0 FT911-1235 0
332 0 FT911-1394 0
332 0 FT911-1630 0
332 0 FT911-2039 0
332 0 FT911-2130 0
332 0 FT911-3405 0
332 0 FT911-3953 0
332 0 FT911-4202 0
332 0 FT911-4494 0
332 0 FT911-4787 0
332 0 FT911-4974 0
332 0 FT911-5012 0
332 0 FT911-5055 0
332 0 FT911-576 0
332 0 FT911-880 0
332 0 FT911-914 0
333 0 FT911-1599 0
333 0 FT911-2522 0
333 0 FT911-2608 0
333 0 FT911-2707 0
333 0 FT911-456 0
333 0 FT911-4747 0
333 0 FT911-4916 0
333 0 FT911-4992 0
333 0 FT911-5026 0
333 0 FT911-5289 0
333 0 FT911-629 0
333 0 FT911-977 0
334 0 FT911-1566 0
334 0 FT911-2528 0
334 0 FT911-3757 0
334 0 FT911-3908 0
334 0 FT911-3911 0
334 0 FT911-3918 0
334 0 FT911-3920 0
334 0 FT911-3926 0
334 0 FT911-3931 0
334 0 FT911-3933 0
334 0 FT911-3935 0
334 0 FT911-3937 0
334 0 FT911-4013 0
334 0 FT911-4457 0
334 0 FT911-4666 0
334 0 FT911-4670 0
334 0 FT911-4754 0
334 0 FT911-59 0
334 0 FT911-750 0
334 0 FT911-870 0
335 0 FT911-1229 0
335 0 FT911-2266 0
335 0 FT911-2267 0
335 0 FT911-2782 0
335 0 FT911-3014 0
335 0 FT911-474 0
336 0 FT911-1576 0
336 0 FT911-1664 0
336 0 FT911-1819 0
336 0 FT911-1925 0
336 0 FT911-1937 0
336 0 FT911-286 0
336 0 FT911-3995 0
336 0 FT911-4083 0
336 0 FT911-448 0
336 0 FT911-4482 0
336 0 FT911-483 0
336 0 FT911-4979 0
336 0 FT911-5194 0
336 0 FT911-598 0
336 0 FT911-818 0
337 0 FT911-107 0
337 0 FT911-1135 0
337 0 FT911-129 0
337 0 FT911-132 0
337 0 FT911-133 0
337 0 FT911-14 0
337 0 FT911-140 0
337 0 FT911-163 0
337 0 FT911-1776 0
337 0 FT911-184 0
337 0 FT911-2081 0
337 0 FT911-2204 0
337 0 FT911-2288 0
337 0 FT911-2311 0
337 0 FT911-2436 0
337 0 FT911-256 0
337 0 FT911-284 0
337 0 FT911-2951 0
337 0 FT911-2955 0
337 0 FT911-2956 0
337 0 FT911-2979 0
337 0 FT911-3034 0
337 0 FT911-3035 0
337 0 FT911-3037 0
337 0 FT911-306 0
337 0 FT911-308 0
337 0 FT911-3109 0
337 0 FT911-3119 0
337 0 FT911-3146 0
337 0 FT911-3164 0
337 0 FT911-3169 0
337 0 FT911-3278 0
337 0 FT911-3296 0
337 0 FT911-3303 0
337 0 FT911-331 0
337 0 FT911-3322 0
337 0 FT911-3329 0
337 0 FT911-3377 0
337 0 FT911-3388 0
337 0 FT911-3401 0
337 0 FT911-3406 0
337 0 FT911-3407 0
337 0 FT911-3416 0
337 0 FT911-3431 0
337 0 FT911-3439 0
337 0 FT911-3440 0
337 0 FT911-3442 0
337 0 FT911-3449 0
337 0 FT911-3459 0
337 0 FT911-3490 0
337 0 FT911-35 0
337 0 FT911-3532 0
337 0 FT911-3562 0
337 0 FT911-3567 0
337 0 FT911-358 0
337 0 FT911-3598 0
337 0 FT911-360 0
337 0 FT911-3640 0
337 0 FT911-3654 0
337 0 FT911-3720 0
337 0 FT911-3730 0
337 0 FT911-3748 0
337 0 FT911-3757 0
337 0 FT911-3760 0
337 0 FT911-3886 0
337 0 FT911-3890 0
337 0 FT911-3903 0
337 0 FT911-3909 0
337 0 FT911-3913 0
337 0 FT911-3917 0
337 0 FT911-3925 0
337 0 FT911-3948 0
337 0 FT911-3952 0
337 0 FT911-3969 0
337 0 FT911-3989 0
337 0 FT911-3999 0
337 0 FT911-4011 0
337 0 FT911-4014 0
337 0 FT911-4049 0
337 0 FT911-4059 0
337 0 FT911-4069 0
337 0 FT911-4091 0
337 0 FT911-41 0
337 0 FT911-4103 0
337 0 FT911-4122 0
337 0 FT911-4176 0
337 0 FT911-4191 0
337 0 FT911-4194 0
337 0 FT911-4211 0
337 0 FT911-4317 0
337 0 FT911-4321 0
337 0 FT911-4322 0
337 0 FT911-4372 0
337 0 FT911-4384 0
337 0 FT911-4393 0
337 0 FT911-4421 0
337 0 FT911-4463 0
337 0 FT911-4489 0
337 0 FT911-4508 0
337 0 FT911-4516 0
337 0 FT911-4518 0
337 0 FT911-4544 0
337 0 FT911-4554 0
337 0 FT911-4556 0
337 0 FT911-4557 0
337 0 FT911-46 0
337 0 FT911-4752 0
337 0 FT911-49 0
337 0 FT911-589 0
337 0 FT911-86 0
337 0 FT911-90 0
337 0 FT911-92 0
338 0 FT911-1020 0
338 0 FT911-1234 0
338 0 FT911-163 0
338 0 FT911-2314 0
338 0 FT911-2610 0
338 0 FT911-3142 0
338 0 FT911-3245 0
338 0 FT911-3686 0
338 0 FT911-4916 0
338 0 FT911-5026 0
338 0 FT911-5220 0
338 0 FT911-5278 0
338 0 FT911-596 0
338 0 FT911-750 0
339 0 FT911-163 0
339 0 FT911-2707 0
339 0 FT911-3142 0
339 0 FT911-4014 0
339 0 FT911-4322 0
339 0 FT911-4508 0
339 0 FT911-4693 0
339 0 FT911-4781 0
339 0 FT911-5229 0
340 0 FT911-122 0
340 0 FT911-1298 0
340 0 FT911-1383 0
340 0 FT911-1392 0
340 0 FT911-1611 0
340 0 FT911-1769 0
340 0 FT911-1820 0
340 0 FT911-1919 0
340 0 FT911-2315 0
340 0 FT911-2534 0
340 0 FT911-2897 0
340 0 FT911-3451 0
340 0 FT911-3651 0
340 0 FT911-3686 0
340 0 FT911-40 0
340 0 FT911-4004 0
340 0 FT911-4311 0
340 0 FT911-4349 0
340 0 FT911-4352 0
340 0 FT911-4355 0
340 0 FT911-4620 1
340 0 FT911-4686 0
340 0 FT911-4773 0
340 0 FT911-4871 1
340 0 FT911-5004 0
340 0 FT911-5042 0
340 0 FT911-5081 0
340 0 FT911-571 0
340 0 FT911-668 0
340 0 FT911-691 0
340 0 FT911-692 0
340 0 FT911-812 0
340 0 FT911-826 0
341 0 FT911-1360 0
341 0 FT911-1406 0
341 0 FT911-1968 0
341 0 FT911-2448 0
341 0 FT911-2725 0
341 0 FT911-2745 0
341 0 FT911-278 0
341 0 FT911-2826 0
341 0 FT911-3581 0
341 0 FT911-369 0
341 0 FT911-3739 0
341 0 FT911-504 0
341 0 FT911-5338 0
341 0 FT911-660 0
341 0 FT911-760 0
341 0 FT911-800 0
342 0 FT911-1461 0
342 0 FT911-1599 0
342 0 FT911-1903 0
342 0 FT911-1919 0
342 0 FT911-2288 0
342 0 FT911-2305 0
342 0 FT911-3448 0
342 0 FT911-4283 0
342 0 FT911-456 0
342 0 FT911-5199 0
342 0 FT911-5290 0
342 0 FT911-578 0
342 0 FT911-784 0
343 0 FT911-1126 1
343 0 FT911-120 0
343 0 FT911-1239 0
343 0 FT911-1284 1
343 0 FT911-1450 0
343 0 FT911-1590 0
343 0 FT911-2203 0
343 0 FT911-2317 0
343 0 FT911-2324 0
343 0 FT911-237 0
343 0 FT911-4358 0
343 0 FT911-5011 0
343 0 FT911-5224 0
343 0 FT911-5351 0
343 0 FT911-581 1
343 0 FT911-667 1
343 0 FT911-677 0
344 0 FT911-153 0
344 0 FT911-198 0
344 0 FT911-2313 0
344 0 FT911-2371 0
344 0 FT911-2390 0
344 0 FT911-2957 0
344 0 FT911-3498 0
344 0 FT911-3581 0
344 0 FT911-3719 0
344 0 FT911-3749 0
344 0 FT911-3935 0
344 0 FT911-4044 0
344 0 FT911-4482 0
344 0 FT911-4757 0
344 0 FT911-5192 0
344 0 FT911-575 0
344 0 FT911-667 0
345 0 FT911-1006 1
345 0 FT911-1038 0
345 0 FT911-1255 0
345 0 FT911-2002 0
345 0 FT911-2316 0
345 0 FT911-2956 0
345 0 FT911-3593 0
345 0 FT911-4694 1
345 0 FT911-4854 0
346 0 FT911-1302 0
346 0 FT911-1309 0
346 0 FT911-1472 0
346 0 FT911-1602 0
346 0 FT911-1811 0
346 0 FT911-1893 1
346 0 FT911-2030 1
346 0 FT911-2266 1
346 0 FT911-2329 0
346 0 FT911-2399 0
346 0 FT911-3230 1
346 0 FT911-3266 0
346 0 FT911-3674 0
346 0 FT911-3749 0
346 0 FT911-3750 0
346 0 FT911-3885 0
346 0 FT911-3926 0
346 0 FT911-4351 0
346 0 FT911-5010 0
346 0 FT911-5058 1
346 0 FT911-5059 0
346 0 FT911-5258 0
346 0 FT911-5294 0
346 0 FT911-788 1
346 0 FT911-888 0
347 0 FT911-1147 1
347 0 FT911-1351 0
347 0 FT911-1689 0
347 0 FT911-3395 0
347 0 FT911-4146 0
347 0 FT911-4956 0
348 0 FT911-127 0
348 0 FT911-1418 0
348 0 FT911-1822 0
348 0 FT911-1935 0
348 0 FT911-2200 0
348 0 FT911-2439 0
348 0 FT911-2621 0
348 0 FT911-2656 0
348 0 FT911-3430 0
348 0 FT911-3686 0
348 0 FT911-3724 0
348 0 FT911-3731 0
348 0 FT911-383 0
348 0 FT911-4275 0
348 0 FT911-4282 0
349 0 FT911-1132 0
349 0 FT911-1776 0
349 0 FT911-19 0
349 0 FT911-2375 0
349 0 FT911-40 0
349 0 FT911-4123 0
349 0 FT911-4341 0
349 0 FT911-5220 0
349 0 FT911-964 0
350 0 FT911-131 0
350 0 FT911-136 0
350 0 FT911-1775 0
350 0 FT911-2316 0
350 0 FT911-3918 0
350 0 FT911-3924 0
350 0 FT911-3933 0
350 0 FT911-3935 0
350 0 FT911-4011 0
350 0 FT911-4077 0
350 0 FT911-4114 0
350 0 FT911-4684 0
350 0 FT911-4854 0
350 0 FT911-4878 0
350 0 FT911-5265 0
350 0 FT911-5267 0
350 0 FT911-621 0
351 0 FT911-1098 0
351 0 FT911-1338 0
351 0 FT911-1396 0
351 0 FT911-18 0
351 0 FT911-1943 0
351 0 FT911-2029 0
351 0 FT911-2116 0
351 0 FT911-3129 0
351 0 FT911-3135 0
351 0 FT911-348 0
351 0 FT911-3891 0
351 0 FT911-3978 0
351 0 FT911-4019 0
351 0 FT911-4931 0
351 0 FT911-5079 0
351 0 FT911-669 0
351 0 FT911-753 0
351 0 FT911-828 0
351 0 FT911-846 0
352 0 FT911-1065 0
352 0 FT911-1198 0
352 0 FT911-1436 0
352 0 FT911-1868 1
352 0 FT911-2154 0
352 0 FT911-2332 0
352 0 FT911-2605 0
352 0 FT911-2649 0
352 0 FT911-2740 0
352 0 FT911-2943 0
352 0 FT911-3106 0
352 0 FT911-3165 0
352 0 FT911-3169 0
352 0 FT911-328 0
352 0 FT911-3358 0
352 0 FT911-3370 0
352 0 FT911-3395 0
352 0 FT911-3618 0
352 0 FT911-3635 0
352 0 FT911-424 0
352 0 FT911-437 0
352 0 FT911-4561 0
352 0 FT911-4566 0
352 0 FT911-4762 0
352 0 FT911-4798 0
352 0 FT911-5179 0
352 0 FT911-5249 0
352 0 FT911-5343 0
352 0 FT911-566 0
352 0 FT911-63 0
352 0 FT911-802 0
352 0 FT911-808 1
352 0 FT911-894 0
352 0 FT911-91 0
352 0 FT911-965 0
352 0 FT911-992 0
353 0 FT911-122 1
353 0 FT911-1738 0
353 0 FT911-1769 1
353 0 FT911-2288 0
353 0 FT911-2315 1
353 0 FT911-2534 1
353 0 FT911-2897 1
353 0 FT911-3641 0
353 0 FT911-3977 0
353 0 FT911-4011 0
353 0 FT911-4151 1
353 0 FT911-4261 1
353 0 FT911-428 0
353 0 FT911-4348 1
353 0 FT911-4349 1
353 0 FT911-4505 0
353 0 FT911-4931 0
353 0 FT911-5004 0
353 0 FT911-5079 0
353 0 FT911-5211 0
353 0 FT911-558 1
353 0 FT911-631 0
353 0 FT911-826 0
354 0 FT911-1239 0
354 0 FT911-1288 1
354 0 FT911-1293 0
354 0 FT911-1585 0
354 0 FT911-1588 0
354 0 FT911-1702 1
354 0 FT911-1705 1
354 0 FT911-1958 0
354 0 FT911-230 0
354 0 FT911-2606 0
354 0 FT911-2618 0
354 0 FT911-2786 1
354 0 FT911-2912 0
354 0 FT911-2954 1
354 0 FT911-2977 1
354 0 FT911-3514 0
354 0 FT911-3729 0
354 0 FT911-4080 0
354 0 FT911-429 1
354 0 FT911-4358 0
354 0 FT911-4633 0
354 0 FT911-4783 1
354 0 FT911-4804 1
354 0 FT911-521 0
354 0 FT911-5224 0
354 0 FT911-84 0
354 0 FT911-885 0
355 0 FT911-1817 0
355 0 FT911-2203 0
355 0 FT911-2317 0
355 0 FT911-4015 0
355 0 FT911-4685 0
355 0 FT911-59 0
356 0 FT911-1042 0
356 0 FT911-1344 0
356 0 FT911-1404 0
356 0 FT911-1695 0
356 0 FT911-1990 0
356 0 FT911-2671 0
356 0 FT911-3276 0
356 0 FT911-3510 0
356 0 FT911-3697 0
356 0 FT911-4014 0
356 0 FT911-4321 0
356 0 FT911-4508 0
356 0 FT911-5026 0
356 0 FT911-578 0
356 0 FT911-61 0
356 0 FT911-625 0
357 0 FT911-1604 0
357 0 FT911-2339 0
357 0 FT911-2522 0
357 0 FT911-4117 0
357 0 FT911-428 0
357 0 FT911-4368 0
358 0 FT911-1011 0
358 0 FT911-1031 0
358 0 FT911-1602 0
358 0 FT911-1822 0
359 0 FT911-1517 1
359 0 FT911-2342 0
359 0 FT911-2913 0
359 0 FT911-2992 0
359 0 FT911-3000 0
359 0 FT911-3149 0
359 0 FT911-391 0
359 0 FT911-4200 0
359 0 FT911-428 0
359 0 FT911-4641 0
359 0 FT911-4648 0
359 0 FT911-4650 0
359 0 FT911-4679 0
360 0 FT911-1514 0
360 0 FT911-1972 0
360 0 FT911-2671 0
360 0 FT911-2685 0
360 0 FT911-4508 0
360 0 FT911-4557 0
360 0 FT911-4634 0
360 0 FT911-4781 0
360 0 FT911-5055 0
361 0 FT911-130 0
361 0 FT911-131 0
361 0 FT911-133 0
361 0 FT911-1344 0
361 0 FT911-135 0
361 0 FT911-136 0
361 0 FT911-139 0
361 0 FT911-1849 0
361 0 FT911-1872 0
361 0 FT911-2061 0
361 0 FT911-207 0
361 0 FT911-209 0
361 0 FT911-2132 0
361 0 FT911-2489 0
361 0 FT911-2502 0
361 0 FT911-2822 0
361 0 FT911-3611 0
361 0 FT911-378 0
361 0 FT911-3973 0
361 0 FT911-4010 0
361 0 FT911-4089 0
361 0 FT911-4709 0
361 0 FT911-5265 0
361 0 FT911-55 0
361 0 FT911-552 0
361 0 FT911-614 0
361 0 FT911-727 0
362 0 FT911-1603 0
362 0 FT911-189 0
362 0 FT911-2198 0
362 0 FT911-2671 0
362 0 FT911-2685 0
362 0 FT911-2704 0
362 0 FT911-3423 0
362 0 FT911-4 0
362 0 FT911-4510 0
362 0 FT911-4632 0
362 0 FT911-5229 0
362 0 FT911-7 0
362 0 FT911-904 0
363 0 FT911-1868 0
363 0 FT911-2972 0
363 0 FT911-377 0
363 0 FT911-4007 0
363 0 FT911-424 0
363 0 FT911-487 0
363 0 FT911-4885 1
363 0 FT911-492 0
363 0 FT911-566 0
363 0 FT911-894 0
364 0 FT911-169 0
364 0 FT911-267 0
364 0 FT911-3132 0
364 0 FT911-3516 0
364 0 FT911-4137 0
364 0 FT911-4509 0
364 0 FT911-4992 0
364 0 FT911-5354 0
364 0 FT911-81 0
364 0 FT911-862 0
365 0 FT911-133 0
365 0 FT911-1720 0
365 0 FT911-2276 0
365 0 FT911-2682 0
365 0 FT911-3063 0
365 0 FT911-3932 0
365 0 FT911-4901 0
365 0 FT911-4931 0
366 0 FT911-1002 0
366 0 FT911-1763 0
366 0 FT911-2018 0
366 0 FT911-2279 0
366 0 FT911-2922 0
366 0 FT911-2952 0
366 0 FT911-4642 0
366 0 FT911-5211 0
366 0 FT911-5340 0
367 0 FT911-1234 0
367 0 FT911-1567 0
367 0 FT911-2339 0
367 0 FT911-2457 0
367 0 FT911-3161 0
367 0 FT911-3164 0
367 0 FT911-3757 0
367 0 FT911-3870 0
367 0 FT911-4085 0
367 0 FT911-4347 0
367 0 FT911-4395 0
367 0 FT911-4628 0
367 0 FT911-4754 0
367 0 FT911-4874 0
367 0 FT911-493 0
368 0 FT911-1609 0
368 0 FT911-2583 0
368 0 FT911-3096 0
368 0 FT911-3246 0
368 0 FT911-3467 0
368 0 FT911-3883 0
368 0 FT911-428 0
368 0 FT911-454 0
368 0 FT911-755 0
369 0 FT911-205 0
369 0 FT911-2621 0
369 0 FT911-3375 0
369 0 FT911-4508 0
369 0 FT911-4648 0
369 0 FT911-4752 0
369 0 FT911-4753 0
369 0 FT911-4947 0
369 0 FT911-696 0
369 0 FT911-805 0
370 0 FT911-1824 0
370 0 FT911-2584 0
370 0 FT911-2730 1
370 0 FT911-29 0
370 0 FT911-3142 0
370 0 FT911-3196 1
370 0 FT911-3713 0
370 0 FT911-4781 0
370 0 FT911-806 1
370 0 FT911-809 0
370 0 FT911-81 1
371 0 FT911-1557 0
371 0 FT911-2009 0
371 0 FT911-2316 0
371 0 FT911-2892 0
371 0 FT911-2956 0
371 0 FT911-3740 0
371 0 FT911-4047 0
371 0 FT911-4508 0
371 0 FT911-4854 0
371 0 FT911-4947 0
371 0 FT911-5129 0
371 0 FT911-874 0
371 0 FT911-896 0
371 0 FT911-990 0
372 0 FT911-1937 0
372 0 FT911-2798 0
372 0 FT911-596 0
372 0 FT911-77 0
372 0 FT911-83 0
373 0 FT911-1107 0
373 0 FT911-1699 0
373 0 FT911-3516 0
373 0 FT911-3908 0
373 0 FT911-3918 0
373 0 FT911-3924 0
373 0 FT911-3933 0
373 0 FT911-4016 0
373 0 FT911-428 0
373 0 FT911-4345 0
373 0 FT911-4673 0
373 0 FT911-699 0
374 0 FT911-2323 0
374 0 FT911-2469 0
374 0 FT911-2564 0
374 0 FT911-4016 0
374 0 FT911-4281 0
374 0 FT911-4743 1
374 0 FT911-995 0
375 0 FT911-19 0
375 0 FT911-2288 0
375 0 FT911-3417 0
375 0 FT911-3436 0
375 0 FT911-4341 0
375 0 FT911-4634 0
375 0 FT911-4711 0
375 0 FT911-4970 0
375 0 FT911-5083 0
375 0 FT911-931 0
376 0 FT911-1037 0
376 0 FT911-1039 0
376 0 FT911-1080 0
376 0 FT911-1108 0
376 0 FT911-1130 0
376 0 FT911-1131 0
376 0 FT911-1238 0
376 0 FT911-1599 0
376 0 FT911-1809 0
376 0 FT911-1810 0
376 0 FT911-1890 0
376 0 FT911-1909 0
376 0 FT911-200 0
376 0 FT911-2167 0
376 0 FT911-2562 0
376 0 FT911-2608 0
376 0 FT911-2613 0
376 0 FT911-2830 0
376 0 FT911-3118 0
376 0 FT911-3161 0
376 0 FT911-3329 0
376 0 FT911-3377 0
376 0 FT911-3457 0
376 0 FT911-3556 0
376 0 FT911-4137 0
376 0 FT911-4158 0
376 0 FT911-428 0
376 0 FT911-4321 0
376 0 FT911-4693 0
376 0 FT911-4945 0
376 0 FT911-5073 0
376 0 FT911-573 0
376 0 FT911-581 0
376 0 FT911-682 0
376 0 FT911-761 0
376 0 FT911-916 0
377 0 FT911-1006 0
377 0 FT911-1255 0
377 0 FT911-1476 0
377 0 FT911-1488 0
377 0 FT911-2028 0
377 0 FT911-2031 0
377 0 FT911-2586 0
377 0 FT911-2607 0
377 0 FT911-279 0
377 0 FT911-2831 0
377 0 FT911-3686 0
377 0 FT911-3856 0
377 0 FT911-3903 0
377 0 FT911-3973 0
377 0 FT911-4007 0
377 0 FT911-4117 0
377 0 FT911-428 0
377 0 FT911-4753 0
378 0 FT911-1501 0
378 0 FT911-1797 0
378 0 FT911-1923 0
378 0 FT911-203 0
378 0 FT911-2420 0
378 0 FT911-2626 0
378 0 FT911-2690 0
378 0 FT911-2696 0
378 0 FT911-2697 0
378 0 FT911-307 0
378 0 FT911-3664 0
378 0 FT911-3665 0
378 0 FT911-3745 0
378 0 FT911-4050 0
378 0 FT911-4575 0
378 0 FT911-4631 0
378 0 FT911-4951 0
378 0 FT911-5002 0
378 0 FT911-5114 0
378 0 FT911-5223 0
378 0 FT911-5281 0
378 0 FT911-5287 0
378 0 FT911-5350 0
378 0 FT911-60 1
378 0 FT911-780 0
379 0 FT911-1215 0
379 0 FT911-1455 0
379 0 FT911-186 0
379 0 FT911-2313 0
379 0 FT911-2621 0
379 0 FT911-2782 0
379 0 FT911-4047 0
379 0 FT911-421 0
379 0 FT911-5058 0
379 0 FT911-70 0
379 0 FT911-788 0
380 0 FT911-2621 0
380 0 FT911-2689 0
380 0 FT911-4088 0
380 0 FT911-4188 0
380 0 FT911-4508 0
380 0 FT911-4573 0
380 0 FT911-4648 0
380 0 FT911-4752 0
380 0 FT911-4947 0
380 0 FT911-696 0
381 0 FT911-1088 0
381 0 FT911-4097 0
381 0 FT911-4175 0
381 0 FT911-4508 0
381 0 FT911-4947 0
381 0 FT911-5278 0
382 0 FT911-19 0
382 0 FT911-23 0
382 0 FT911-3323 0
382 0 FT911-3417 0
382 0 FT911-3550 0
382 0 FT911-4318 0
382 0 FT911-4711 0
382 0 FT911-890 0
383 0 FT911-2621 0
383 0 FT911-2685 0
383 0 FT911-3142 1
383 0 FT911-3940 0
383 0 FT911-4047 0
383 0 FT911-4322 0
383 0 FT911-4449 0
383 0 FT911-4508 0
383 0 FT911-4557 1
383 0 FT911-4890 1
383 0 FT911-4916 1
383 0 FT911-5026 1
383 0 FT911-550 0
383 0 FT911-977 1
384 0 FT911-1467 0
384 0 FT911-2441 0
384 0 FT911-3687 0
384 0 FT911-4110 0
384 0 FT911-57 0
385 0 FT911-2586 0
385 0 FT911-3223 0
385 0 FT911-3548 0
385 0 FT911-488 0
385 0 FT911-636 0
386 0 FT911-1096 0
386 0 FT911-2154 0
386 0 FT911-2266 0
386 0 FT911-2313 0
386 0 FT911-2782 0
386 0 FT911-30 0
386 0 FT911-3576 0
386 0 FT911-3634 0
386 0 FT911-3676 0
386 0 FT911-3885 0
386 0 FT911-4174 0
386 0 FT911-5058 0
386 0 FT911-5070 0
386 0 FT911-5195 0
386 0 FT911-70 0
386 0 FT911-788 0
387 0 FT911-1129 0
387 0 FT911-1605 0
387 0 FT911-2041 0
387 0 FT911-2755 0
387 0 FT911-3159 0
387 0 FT911-4743 0
387 0 FT911-82 0
388 0 FT911-1483 0
388 0 FT911-1835 0
388 0 FT911-2821 0
388 0 FT911-2885 0
388 0 FT911-2922 0
388 0 FT911-3413 0
388 0 FT911-4197 0
388 0 FT911-428 0
388 0 FT911-4794 0
388 0 FT911-487 0
389 0 FT911-1699 1
389 0 FT911-2173 0
389 0 FT911-2177 0
389 0 FT911-3212 0
389 0 FT911-371 0
389 0 FT911-3757 0
389 0 FT911-3915 0
389 0 FT911-3931 0
389 0 FT911-4010 0
389 0 FT911-4016 0
389 0 FT911-4065 0
389 0 FT911-4859 0
389 0 FT911-4884 0
389 0 FT911-5184 0
389 0 FT911-964 0
390 0 FT911-163 0
390 0 FT911-2685 0
390 0 FT911-3176 0
390 0 FT911-4014 0
390 0 FT911-4322 0
390 0 FT911-4508 0
390 0 FT911-4781 0
390 0 FT911-4917 0
390 0 FT911-5077 0
391 0 FT911-1042 0
391 0 FT911-1455 0
391 0 FT911-1638 1
391 0 FT911-2040 0
391 0 FT911-2409 0
391 0 FT911-2777 0
391 0 FT911-2835 1
391 0 FT911-3370 0
391 0 FT911-3929 0
391 0 FT911-4011 0
391 0 FT911-4014 1
391 0 FT911-4096 0
391 0 FT911-4339 0
391 0 FT911-4416 1
391 0 FT911-4508 0
391 0 FT911-4781 0
391 0 FT911-4947 0
391 0 FT911-5026 1
391 0 FT911-5278 0
391 0 FT911-550 0
391 0 FT911-596 0
392 0 FT911-129 1
392 0 FT911-133 0
392 0 FT911-135 1
392 0 FT911-138 0
392 0 FT911-139 0
392 0 FT911-140 0
392 0 FT911-187 0
392 0 FT911-202 0
392 0 FT911-2276 0
392 0 FT911-2976 0
392 0 FT911-3186 0
392 0 FT911-3790 0
392 0 FT911-3837 0
392 0 FT911-3871 0
392 0 FT911-3917 0
392 0 FT911-3921 0
392 0 FT911-3927 0
392 0 FT911-3937 0
392 0 FT911-4013 0
392 0 FT911-428 0
392 0 FT911-4660 0
392 0 FT911-4804 0
392 0 FT911-5142 0
392 0 FT911-5155 0
392 0 FT911-785 0
393 0 FT911-1239 0
393 0 FT911-1390 0
393 0 FT911-1450 0
393 0 FT911-1468 0
393 0 FT911-1469 0
393 0 FT911-229 0
393 0 FT911-2317 0
393 0 FT911-2324 0
393 0 FT911-2444 0
393 0 FT911-2610 0
393 0 FT911-2685 0
393 0 FT911-2686 0
393 0 FT911-2703 0
393 0 FT911-2705 0
393 0 FT911-3142 0
393 0 FT911-3176 0
393 0 FT911-3453 0
393 0 FT911-3516 0
393 0 FT911-3557 0
393 0 FT911-3615 0
393 0 FT911-3688 0
393 0 FT911-3754 0
393 0 FT911-3942 0
393 0 FT911-3996 0
393 0 FT911-4079 0
393 0 FT911-4275 0
393 0 FT911-4886 0
393 0 FT911-5100 0
393 0 FT911-5220 0
393 0 FT911-581 0
393 0 FT911-818 0
393 0 FT911-915 0
394 0 FT911-1302 0
394 0 FT911-2313 0
394 0 FT911-2752 0
394 0 FT911-2782 0
394 0 FT911-2996 0
394 0 FT911-3230 0
394 0 FT911-3749 0
394 0 FT911-4351 0
394 0 FT911-4508 0
394 0 FT911-5058 0
394 0 FT911-5249 0
394 0 FT911-788 0
394 0 FT911-965 0
395 0 FT911-101 0
395 0 FT911-1104 0
395 0 FT911-1896 0
395 0 FT911-2050 0
395 0 FT911-2111 0
395 0 FT911-2446 1
395 0 FT911-2451 1
395 0 FT911-3165 0
395 0 FT911-3169 0
395 0 FT911-3395 0
395 0 FT911-3396 1
395 0 FT911-3504 0
395 0 FT911-3597 0
395 0 FT911-3793 0
395 0 FT911-3939 0
395 0 FT911-4241 0
395 0 FT911-4519 1
395 0 FT911-4520 1
395 0 FT911-4762 0
395 0 FT911-4795 0
395 0 FT911-663 1
395 0 FT911-766 0
395 0 FT911-811 0
396 0 FT911-1579 0
396 0 FT911-1590 0
396 0 FT911-2081 0
396 0 FT911-3009 0
396 0 FT911-3642 0
396 0 FT911-3967 0
396 0 FT911-4087 0
396 0 FT911-4484 1
396 0 FT911-4997 0
396 0 FT911-5189 0
396 0 FT911-53 0
397 0 FT911-1275 0
397 0 FT911-1586 0
397 0 FT911-23 0
397 0 FT911-242 1
397 0 FT911-3323 0
397 0 FT911-3927 0
397 0 FT911-3956 0
398 0 FT911-1024 0
398 0 FT911-1254 0
398 0 FT911-1289 0
398 0 FT911-2271 0
398 0 FT911-2324 0
398 0 FT911-2332 0
398 0 FT911-234 0
398 0 FT911-3418 0
398 0 FT911-3549 1
398 0 FT911-363 0
398 0 FT911-373 0
398 0 FT911-394 0
398 0 FT911-4086 0
398 0 FT911-4989 0
398 0 FT911-5325 0
398 0 FT911-5366 0
398 0 FT911-549 0
398 0 FT911-909 1
399 0 FT911-129 0
399 0 FT911-133 0
399 0 FT911-135 0
399 0 FT911-1725 0
399 0 FT911-228 0
399 0 FT911-3118 0
399 0 FT911-3403 0
399 0 FT911-5001 0
400 0 FT911-3749 0
400 0 FT911-4543 0
400 0 FT911-4703 0
400 0 FT911-812 0
401 0 FT911-1225 0
401 0 FT911-1796 0
401 0 FT911-1797 0
401 0 FT911-1799 0
401 0 FT911-2078 0
401 0 FT911-225 0
401 0 FT911-2449 0
401 0 FT911-2806 1
401 0 FT911-2822 0
401 0 FT911-2913 0
401 0 FT911-3580 0
401 0 FT911-3663 0
401 0 FT911-3771 0
401 0 FT911-3790 0
401 0 FT911-3953 0
402 0 FT911-12 0
402 0 FT911-2784 0
402 0 FT911-2913 0
402 0 FT911-3133 0
402 0 FT911-3356 0
402 0 FT911-4300 0
402 0 FT911-755 0
403 0 FT911-2078 0
403 0 FT911-3786 0
403 0 FT911-4572 0
403 0 FT911-493 0
403 0 FT911-4967 0
403 0 FT911-5042 0
404 0 FT911-1272 0
404 0 FT911-1306 0
404 0 FT911-2440 0
404 0 FT911-2582 0
404 0 FT911-3109 1
404 0 FT911-3134 0
404 0 FT911-3359 0
404 0 FT911-3751 0
404 0 FT911-4068 0
404 0 FT911-4619 0
404 0 FT911-4995 0
404 0 FT911-5268 0
404 0 FT911-87 0
404 0 FT911-874 0
405 0 FT911-1250 0
405 0 FT911-1286 0
405 0 FT911-1497 0
405 0 FT911-1699 0
405 0 FT911-1706 0
405 0 FT911-262 0
405 0 FT911-2866 0
405 0 FT911-3329 0
405 0 FT911-3681 1
405 0 FT911-3856 0
405 0 FT911-3864 0
405 0 FT911-3906 0
405 0 FT911-4053 0
405 0 FT911-4069 0
405 0 FT911-4129 0
405 0 FT911-4132 0
405 0 FT911-4499 0
405 0 FT911-463 0
405 0 FT911-4814 0
405 0 FT911-4900 0
405 0 FT911-4901 0
405 0 FT911-505 0
405 0 FT911-5190 0
405 0 FT911-5216 0
405 0 FT911-5242 0
405 0 FT911-751 0
405 0 FT911-862 0
406 0 FT911-1218 0
406 0 FT911-1824 0
406 0 FT911-2819 0
406 0 FT911-3727 0
406 0 FT911-4014 0
406 0 FT911-4087 0
406 0 FT911-4854 0
407 0 FT911-1597 0
407 0 FT911-1689 0
407 0 FT911-2339 0
407 0 FT911-2382 0
407 0 FT911-886 0
408 0 FT911-1208 0
408 0 FT911-1221 1
408 0 FT911-124 1
408 0 FT911-1248 1
408 0 FT911-1465 1
408 0 FT911-1803 1
408 0 FT911-1940 1
408 0 FT911-2203 1
408 0 FT911-2317 1
408 0 FT911-2443 0
408 0 FT911-396 1
408 0 FT911-439 1
408 0 FT911-4640 0
408 0 FT911-815 1
408 0 FT911-869 0
408 0 FT911-898 0
409 0 FT911-1054 0
409 0 FT911-1078 0
409 0 FT911-2659 0
409 0 FT911-2932 0
409 0 FT911-3473 0
409 0 FT911-3718 0
409 0 FT911-3882 0
409 0 FT911-428 0
409 0 FT911-4945 0
409 0 FT911-761 0
409 0 FT911-878 0
409 0 FT911-939 0
410 0 FT911-129 0
410 0 FT911-138 0
410 0 FT911-140 0
410 0 FT911-1799 0
410 0 FT911-188 0
410 0 FT911-1963 1
410 0 FT911-214 0
410 0 FT911-2183 0
410 0 FT911-226 0
410 0 FT911-2677 0
410 0 FT911-286 0
410 0 FT911-308 0
410 0 FT911-311 0
410 0 FT911-327 0
410 0 FT911-3359 0
410 0 FT911-3388 0
410 0 FT911-3405 0
410 0 FT911-3408 0
410 0 FT911-3409 0
410 0 FT911-3435 0
410 0 FT911-3437 0
410 0 FT911-3495 0
410 0 FT911-3545 0
410 0 FT911-360 0
410 0 FT911-3656 0
410 0 FT911-3701 0
410 0 FT911-3773 0
410 0 FT911-3790 0
410 0 FT911-3804 0
410 0 FT911-48 0
410 0 FT911-808 0
411 0 FT911-1027 0
411 0 FT911-1221 0
411 0 FT911-1432 0
411 0 FT911-1499 0
411 0 FT911-1943 0
411 0 FT911-2029 0
411 0 FT911-2063 0
411 0 FT911-217 0
411 0 FT911-2913 0
411 0 FT911-3133 0
411 0 FT911-3650 0
411 0 FT911-3949 0
411 0 FT911-4120 0
411 0 FT911-4253 0
411 0 FT911-493 0
411 0 FT911-5001 0
411 0 FT911-5168 0
411 0 FT911-5291 0
412 0 FT911-1042 0
412 0 FT911-1306 0
412 0 FT911-1360 0
412 0 FT911-1370 0
412 0 FT911-1651 0
412 0 FT911-1917 0
412 0 FT911-2060 0
412 0 FT911-2302 0
412 0 FT911-2375 0
412 0 FT911-2448 0
412 0 FT911-2458 0
412 0 FT911-2915 0
412 0 FT911-3387 0
412 0 FT911-3396 1
412 0 FT911-3432 0
412 0 FT911-3443 0
412 0 FT911-3446 0
412 0 FT911-3449 0
412 0 FT911-3494 0
412 0 FT911-3797 0
412 0 FT911-3895 0
412 0 FT911-401 0
412 0 FT911-4010 0
412 0 FT911-438 0
412 0 FT911-4574 0
412 0 FT911-4638 0
412 0 FT911-4648 0
412 0 FT911-4753 0
412 0 FT911-504 0
412 0 FT911-5073 0
412 0 FT911-5115 0
412 0 FT911-5325 0
412 0 FT911-556 0
412 0 FT911-654 0
412 0 FT911-660 0
412 0 FT911-760 0
412 0 FT911-800 0
413 0 FT911-133 0
413 0 FT911-142 0
413 0 FT911-1839 0
413 0 FT911-2479 0
413 0 FT911-279 0
413 0 FT911-3961 0
413 0 FT911-4236 0
413 0 FT911-4409 0
413 0 FT911-4815 0
413 0 FT911-4913 0
413 0 FT911-4960 0
413 0 FT911-5159 0
413 0 FT911-5273 0
413 0 FT911-5356 0
414 0 FT911-1664 0
414 0 FT911-1721 0
414 0 FT911-1992 0
414 0 FT911-2215 0
414 0 FT911-4670 0
414 0 FT911-4672 0
414 0 FT911-827 0
415 0 FT911-1680 0
416 0 FT911-1338 0
416 0 FT911-19 0
416 0 FT911-258 0
416 0 FT911-262 0
416 0 FT911-3 0
416 0 FT911-333 0
416 0 FT911-3356 0
416 0 FT911-3409 0
416 0 FT911-3434 1
416 0 FT911-3436 0
416 0 FT911-3445 0
416 0 FT911-3671 0
416 0 FT911-3706 0
416 0 FT911-371 0
416 0 FT911-3726 0
416 0 FT911-3797 0
416 0 FT911-3895 0
416 0 FT911-3915 0
416 0 FT911-91 0
417 0 FT911-1210 0
417 0 FT911-1336 0
417 0 FT911-1781 0
417 0 FT911-1843 0
417 0 FT911-1884 0
417 0 FT911-189 0
417 0 FT911-2040 0
417 0 FT911-2892 0
417 0 FT911-2986 0
417 0 FT911-2991 0
417 0 FT911-30 0
417 0 FT911-3006 0
417 0 FT911-3113 0
417 0 FT911-3173 0
417 0 FT911-3417 0
417 0 FT911-3418 0
417 0 FT911-3729 0
417 0 FT911-378 0
417 0 FT911-4092 0
417 0 FT911-4141 0
417 0 FT911-4165 1
417 0 FT911-4223 0
417 0 FT911-4574 0
417 0 FT911-466 0
417 0 FT911-4696 0
417 0 FT911-470 0
417 0 FT911-483 0
417 0 FT911-5136 0
417 0 FT911-5329 0
417 0 FT911-702 0
417 0 FT911-738 0
418 0 FT911-1628 0
418 0 FT911-1662 0
418 0 FT911-2796 0
418 0 FT911-2983 0
418 0 FT911-2986 0
418 0 FT911-3013 0
418 0 FT911-3115 0
418 0 FT911-3167 0
418 0 FT911-4184 1
418 0 FT911-4404 0
418 0 FT911-4797 0
419 0 FT911-1070 0
419 0 FT911-1545 0
419 0 FT911-1552 0
419 0 FT911-1586 0
419 0 FT911-2279 0
419 0 FT911-2280 0
419 0 FT911-2473 0
419 0 FT911-2802 0
419 0 FT911-2922 0
419 0 FT911-3197 0
419 0 FT911-327 0
419 0 FT911-3443 0
419 0 FT911-398 0
419 0 FT911-4191 0
419 0 FT911-4218 0
419 0 FT911-4552 0
419 0 FT911-4705 0
419 0 FT911-4892 0
419 0 FT911-4961 0
419 0 FT911-5042 0
419 0 FT911-5237 0
419 0 FT911-524 0
419 0 FT911-539 0
420 0 FT911-1132 0
420 0 FT911-1292 0
420 0 FT911-262 0
420 0 FT911-2922 0
420 0 FT911-4016 0
420 0 FT911-4261 0
421 0 FT911-103 0
421 0 FT911-131 0
421 0 FT911-134 0
421 0 FT911-14 0
421 0 FT911-141 0
421 0 FT911-1586 0
421 0 FT911-173 0
421 0 FT911-188 0
421 0 FT911-2041 0
421 0 FT911-2279 0
421 0 FT911-248 0
421 0 FT911-2506 0
421 0 FT911-262 0
421 0 FT911-27 0
421 0 FT911-2864 0
421 0 FT911-2922 1
421 0 FT911-3340 0
421 0 FT911-3401 0
421 0 FT911-3411 0
421 0 FT911-3412 0
421 0 FT911-3443 0
421 0 FT911-3459 0
421 0 FT911-3460 0
421 0 FT911-351 0
421 0 FT911-3641 0
421 0 FT911-3655 0
421 0 FT911-3660 0
421 0 FT911-3716 0
421 0 FT911-3736 0
421 0 FT911-3875 0
421 0 FT911-3890 0
421 0 FT911-4422 0
421 0 FT911-4490 0
421 0 FT911-4560 0
421 0 FT911-46 0
421 0 FT911-5249 0
422 0 FT911-1128 1
422 0 FT911-1207 0
422 0 FT911-1291 1
422 0 FT911-1399 0
422 0 FT911-1401 0
422 0 FT911-1567 0
422 0 FT911-1912 0
422 0 FT911-193 0
422 0 FT911-2080 1
422 0 FT911-2974 0
422 0 FT911-3498 0
422 0 FT911-3719 0
422 0 FT911-4474 0
422 0 FT911-5075 0
422 0 FT911-5106 0
422 0 FT911-5326 0
422 0 FT911-5359 1
423 0 FT911-1030 0
423 0 FT911-1069 0
423 0 FT911-1126 0
423 0 FT911-227 0
423 0 FT911-2565 0
423 0 FT911-2913 0
423 0 FT911-3133 0
423 0 FT911-3900 0
423 0 FT911-3946 0
423 0 FT911-4042 0
423 0 FT911-4142 0
423 0 FT911-418 0
423 0 FT911-5088 0
423 0 FT911-5215 0
423 0 FT911-852 0
424 0 FT911-1040 0
424 0 FT911-1602 0
424 0 FT911-2171 0
424 0 FT911-2295 0
424 0 FT911-2562 0
424 0 FT911-2685 0
424 0 FT911-2913 0
424 0 FT911-3133 0
424 0 FT911-4489 0
424 0 FT911-485 0
425 0 FT911-118 0
425 0 FT911-128 0
425 0 FT911-131 0
425 0 FT911-134 0
425 0 FT911-135 0
425 0 FT911-136 0
425 0 FT911-137 0
425 0 FT911-14 0
425 0 FT911-144 0
425 0 FT911-145 0
425 0 FT911-148 0
425 0 FT911-15 0
425 0 FT911-16 0
425 0 FT911-169 0
425 0 FT911-1826 0
425 0 FT911-187 0
425 0 FT911-188 0
425 0 FT911-197 0
425 0 FT911-198 0
425 0 FT911-214 0
425 0 FT911-244 0
425 0 FT911-250 0
425 0 FT911-252 0
425 0 FT911-255 0
425 0 FT911-265 0
425 0 FT911-268 0
425 0 FT911-2913 0
425 0 FT911-2967 0
425 0 FT911-313 0
425 0 FT911-314 0
425 0 FT911-315 0
425 0 FT911-327 0
425 0 FT911-328 0
425 0 FT911-336 0
425 0 FT911-341 0
425 0 FT911-354 0
425 0 FT911-372 0
425 0 FT911-4201 0
425 0 FT911-46 0
425 0 FT911-4986 0
425 0 FT911-55 0
426 0 FT911-1004 0
426 0 FT911-1651 0
426 0 FT911-1806 0
426 0 FT911-2081 0
426 0 FT911-3417 0
426 0 FT911-3886 0
426 0 FT911-3916 0
426 0 FT911-4753 0
426 0 FT911-4790 0
426 0 FT911-4968 0
426 0 FT911-5264 0
427 0 FT911-2327 0
427 0 FT911-3225 0
427 0 FT911-383 0
427 0 FT911-5185 0
427 0 FT911-864 0
428 0 FT911-1199 0
428 0 FT911-1301 0
428 0 FT911-135 1
428 0 FT911-16 0
428 0 FT911-1957 0
428 0 FT911-1973 0
428 0 FT911-2291 0
428 0 FT911-2432 0
428 0 FT911-2458 1
428 0 FT911-2693 0
428 0 FT911-304 0
428 0 FT911-3149 0
428 0 FT911-3351 0
428 0 FT911-3399 1
428 0 FT911-3440 0
428 0 FT911-3495 0
428 0 FT911-3535 0
428 0 FT911-3536 0
428 0 FT911-37 0
428 0 FT911-3740 0
428 0 FT911-3826 0
428 0 FT911-4153 0
428 0 FT911-4269 0
428 0 FT911-4335 0
428 0 FT911-4350 0
428 0 FT911-4514 0
428 0 FT911-4532 0
428 0 FT911-4718 0
428 0 FT911-4795 0
428 0 FT911-5002 0
428 0 FT911-5109 0
428 0 FT911-5117 0
428 0 FT911-594 0
428 0 FT911-626 0
428 0 FT911-686 0
428 0 FT911-792 0
428 0 FT911-855 0
429 0 FT911-2707 0
429 0 FT911-4484 0
429 0 FT911-4992 0
430 0 FT911-3300 0
430 0 FT911-3946 0
430 0 FT911-4042 0
430 0 FT911-4886 1
430 0 FT911-5106 0
430 0 FT911-626 0
431 0 FT911-1218 0
431 0 FT911-129 1
431 0 FT911-133 0
431 0 FT911-135 1
431 0 FT911-138 0
431 0 FT911-139 0
431 0 FT911-140 0
431 0 FT911-187 0
431 0 FT911-2913 0
431 0 FT911-3133 0
431 0 FT911-3186 0
431 0 FT911-371 0
431 0 FT911-3756 0
431 0 FT911-3790 0
431 0 FT911-3871 1
431 0 FT911-3915 0
431 0 FT911-3927 0
431 0 FT911-3936 0
431 0 FT911-4011 0
431 0 FT911-4660 0
432 0 FT911-1233 0
432 0 FT911-1437 0
432 0 FT911-1650 0
432 0 FT911-1809 0
432 0 FT911-2311 0
432 0 FT911-2658 0
432 0 FT911-3353 0
432 0 FT911-3550 0
432 0 FT911-3693 0
432 0 FT911-3909 0
432 0 FT911-3983 0
432 0 FT911-4129 0
432 0 FT911-4191 0
432 0 FT911-5239 0
432 0 FT911-5344 0
432 0 FT911-556 0
432 0 FT911-561 0
432 0 FT911-667 0
432 0 FT911-915 0
433 0 FT911-1071 0
433 0 FT911-1295 0
433 0 FT911-134 0
433 0 FT911-1401 0
433 0 FT911-1492 0
433 0 FT911-1844 0
433 0 FT911-194 0
433 0 FT911-2791 0
433 0 FT911-2799 0
433 0 FT911-3398 0
433 0 FT911-3399 0
433 0 FT911-3400 0
433 0 FT911-3402 0
433 0 FT911-3407 0
433 0 FT911-3408 0
433 0 FT911-4174 1
433 0 FT911-4177 0
433 0 FT911-54 0
433 0 FT911-996 0
434 0 FT911-1050 0
434 0 FT911-2025 0
434 0 FT911-2070 0
434 0 FT911-214 0
434 0 FT911-2145 0
434 0 FT911-2176 0
434 0 FT911-2209 0
434 0 FT911-2454 0
434 0 FT911-328 0
434 0 FT911-3287 1
434 0 FT911-3443 0
434 0 FT911-778 1
435 0 FT911-129 0
435 0 FT911-1309 0
435 0 FT911-1384 0
435 0 FT911-1702 0
435 0 FT911-2153 1
435 0 FT911-221 0
435 0 FT911-2312 0
435 0 FT911-2442 0
435 0 FT911-2458 0
435 0 FT911-2845 0
435 0 FT911-302 0
435 0 FT911-3259 0
435 0 FT911-3376 0
435 0 FT911-3405 0
435 0 FT911-3948 0
435 0 FT911-4 0
436 0 FT911-1450 0
436 0 FT911-1475 0
436 0 FT911-1652 0
436 0 FT911-1663 0
436 0 FT911-1922 0
436 0 FT911-1958 0
436 0 FT911-2374 0
436 0 FT911-2766 0
436 0 FT911-2809 0
436 0 FT911-3312 0
436 0 FT911-3641 0
436 0 FT911-3782 0
436 0 FT911-4196 0
436 0 FT911-424 0
436 0 FT911-4553 0
436 0 FT911-4767 0
436 0 FT911-4885 1
436 0 FT911-5036 0
436 0 FT911-5185 0
436 0 FT911-5351 0
436 0 FT911-5359 0
436 0 FT911-565 1
436 0 FT911-566 1
436 0 FT911-97 0
437 0 FT911-1013 0
437 0 FT911-1617 0
437 0 FT911-2332 0
437 0 FT911-255 0
437 0 FT911-284 0
437 0 FT911-3410 0
437 0 FT911-3411 0
437 0 FT911-3412 0
437 0 FT911-3413 0
437 0 FT911-3415 0
437 0 FT911-3418 0
437 0 FT911-3520 0
437 0 FT911-3772 0
437 0 FT911-4147 0
437 0 FT911-4711 0
437 0 FT911-4942 0
437 0 FT911-4987 0
437 0 FT911-5063 0
437 0 FT911-5264 0
437 0 FT911-705 0
437 0 FT911-834 0
437 0 FT911-890 0
438 0 FT911-1177 0
438 0 FT911-1245 0
438 0 FT911-1325 0
438 0 FT911-184 0
438 0 FT911-1896 0
438 0 FT911-1946 1
438 0 FT911-2050 0
438 0 FT911-2446 1
438 0 FT911-2735 0
438 0 FT911-2913 0
438 0 FT911-3165 0
438 0 FT911-3396 0
438 0 FT911-3441 1
438 0 FT911-3659 0
438 0 FT911-3741 0
438 0 FT911-4060 0
438 0 FT911-4189 0
438 0 FT911-4520 0
438 0 FT911-4762 0
438 0 FT911-4795 0
438 0 FT911-4850 0
438 0 FT911-5187 0
438 0 FT911-663 1
438 0 FT911-811 0
439 0 FT911-1943 0
439 0 FT911-200 1
439 0 FT911-2029 0
439 0 FT911-2117 0
439 0 FT911-2561 0
439 0 FT911-2608 0
439 0 FT911-2784 0
439 0 FT911-3687 0
439 0 FT911-375 0
439 0 FT911-3757 0
439 0 FT911-4481 1
439 0 FT911-489 0
439 0 FT911-5249 0
439 0 FT911-988 0
440 0 FT911-1456 0
440 0 FT911-1629 0
440 0 FT911-1924 0
440 0 FT911-2313 0
440 0 FT911-2430 0
440 0 FT911-3519 0
440 0 FT911-354 0
440 0 FT911-3759 0
440 0 FT911-38 0
440 0 FT911-4057 0
440 0 FT911-4118 0
440 0 FT911-4569 0
440 0 FT911-5061 0
440 0 FT911-5194 0
440 0 FT911-902 0
441 0 FT911-1143 0
441 0 FT911-1686 0
441 0 FT911-2716 0
441 0 FT911-2806 0
441 0 FT911-2892 0
441 0 FT911-4014 0
441 0 FT911-4087 0
441 0 FT911-4590 0
442 0 FT911-1308 0
442 0 FT911-1352 0
442 0 FT911-1964 0
442 0 FT911-1974 0
442 0 FT911-2278 0
442 0 FT911-2517 0
442 0 FT911-2784 0
442 0 FT911-2913 0
442 0 FT911-3133 0
442 0 FT911-3357 0
442 0 FT911-3529 0
442 0 FT911-4167 0
442 0 FT911-428 0
442 0 FT911-4474 0
442 0 FT911-5255 0
443 0 FT911-1070 0
443 0 FT911-1143 0
443 0 FT911-1296 0
443 0 FT911-1306 0
443 0 FT911-1386 0
443 0 FT911-1693 0
443 0 FT911-2119 0
443 0 FT911-2300 0
443 0 FT911-2650 0
443 0 FT911-2913 0
443 0 FT911-3133 0
443 0 FT911-3496 0
443 0 FT911-3546 0
443 0 FT911-3657 0
443 0 FT911-4064 0
443 0 FT911-438 0
443 0 FT911-697 0
444 0 FT911-1953 0
444 0 FT911-2669 0
444 0 FT911-3417 0
444 0 FT911-4766 0
445 0 FT911-106 0
445 0 FT911-1344 0
445 0 FT911-4175 0
445 0 FT911-4589 0
445 0 FT911-56 0
446 0 FT911-11 0
446 0 FT911-1104 0
446 0 FT911-1249 0
446 0 FT911-127 0
446 0 FT911-1303 0
446 0 FT911-1450 0
446 0 FT911-1805 0
446 0 FT911-2050 0
446 0 FT911-2441 0
446 0 FT911-2446 0
446 0 FT911-286 0
446 0 FT911-3272 0
446 0 FT911-3396 0
446 0 FT911-3543 0
446 0 FT911-4357 0
446 0 FT911-4513 0
446 0 FT911-474 0
446 0 FT911-4886 0
446 0 FT911-556 0
446 0 FT911-663 0
447 0 FT911-1233 0
447 0 FT911-140 0
447 0 FT911-2720 0
447 0 FT911-3642 0
447 0 FT911-3908 0
447 0 FT911-3927 0
447 0 FT911-4015 0
447 0 FT911-4318 0
448 0 FT911-1185 0
448 0 FT911-1248 1
448 0 FT911-1349 0
448 0 FT911-1403 0
448 0 FT911-1465 0
448 0 FT911-2199 0
448 0 FT911-3164 0
448 0 FT911-3387 0
448 0 FT911-3403 0
448 0 FT911-3439 0
448 0 FT911-3483 0
448 0 FT911-3599 0
448 0 FT911-3810 0
448 0 FT911-4251 0
448 0 FT911-4306 0
448 0 FT911-4516 0
448 0 FT911-4682 0
448 0 FT911-490 0
448 0 FT911-4926 0
448 0 FT911-5001 0
448 0 FT911-5039 0
448 0 FT911-5168 0
448 0 FT911-5291 0
448 0 FT911-821 0
449 0 FT911-1781 0
449 0 FT911-1824 0
449 0 FT911-4416 0
449 0 FT911-4916 0
449 0 FT911-4947 0
449 0 FT911-977 0
450 0 FT911-1699 0
450 0 FT911-1921 0
450 0 FT911-223 0
450 0 FT911-2679 0
450 0 FT911-2770 0
450 0 FT911-2775 0
450 0 FT911-2971 0
450 0 FT911-305 0
450 0 FT911-3545 0
450 0 FT911-3549 0
450 0 FT911-4070 1
450 0 FT911-4571 0
450 0 FT911-4579 0
450 0 FT911-4872 0
450 0 FT911-5083 0
450 0 FT911-5204 0
450 0 FT911-563 0
450 0 FT911-572 0
450 0 FT911-609 0
601 0 FT911-1199 0
601 0 FT911-1205 0
601 0 FT911-1462 0
601 0 FT911-1587 0
601 0 FT911-1941 0
601 0 FT911-2062 0
601 0 FT911-2423 0
601 0 FT911-2894 0
601 0 FT911-3436 0
601 0 FT911-4116 0
601 0 FT911-4311 0
601 0 FT911-439 0
601 0 FT911-4618 0
601 0 FT911-4868 0
601 0 FT911-4869 0
601 0 FT911-4887 0
601 0 FT911-5038 0
601 0 FT911-5081 0
601 0 FT911-5292 0
601 0 FT911-891 0
602 0 FT911-3158 0
602 0 FT911-3902 0
603 0 FT911-1006 0
603 0 FT911-1255 0
603 0 FT911-2981 0
605 0 FT911-1088 1
605 0 FT911-2009 0
605 0 FT911-2376 1
605 0 FT911-241 0
605 0 FT911-252 1
605 0 FT911-2892 1
605 0 FT911-2956 1
605 0 FT911-4349 0
605 0 FT911-4531 0
605 0 FT911-5041 1
605 0 FT911-559 0
605 0 FT911-679 1
605 0 FT911-870 1
606 0 FT911-3675 0
606 0 FT911-4967 0
607 0 FT911-3356 0
607 0 FT911-3909 0
607 0 FT911-755 0
608 0 FT911-1230 0
608 0 FT911-2046 0
608 0 FT911-2375 0
608 0 FT911-3013 0
608 0 FT911-3420 2
608 0 FT911-3525 0
608 0 FT911-3673 0
608 0 FT911-4057 0
608 0 FT911-4753 0
608 0 FT911-4971 0
608 0 FT911-616 0
609 0 FT911-1006 0
609 0 FT911-2333 0
609 0 FT911-3419 0
609 0 FT911-3444 0
609 0 FT911-3789 0
609 0 FT911-793 0
610 0 FT911-1087 0
610 0 FT911-1174 0
610 0 FT911-1265 0
610 0 FT911-1595 0
610 0 FT911-277 0
610 0 FT911-3235 0
610 0 FT911-3722 0
610 0 FT911-3973 0
610 0 FT911-4327 0
610 0 FT911-4561 0
610 0 FT911-4847 0
610 0 FT911-4961 0
610 0 FT911-559 0
612 0 FT911-2974 0
612 0 FT911-3439 0
612 0 FT911-3449 0
612 0 FT911-4612 0
612 0 FT911-5008 0
613 0 FT911-188 0
613 0 FT911-1927 0
613 0 FT911-3552 0
613 0 FT911-484 0
614 0 FT911-4010 0
614 0 FT911-433 0
614 0 FT911-4506 0
614 0 FT911-643 0
615 0 FT911-2422 0
615 0 FT911-2476 0
615 0 FT911-5042 0
615 0 FT911-828 0
616 0 FT911-1003 0
616 0 FT911-1193 1
616 0 FT911-2000 0
616 0 FT911-2193 0
616 0 FT911-2798 0
616 0 FT911-3310 0
616 0 FT911-443 0
616 0 FT911-488 0
616 0 FT911-5212 0
617 0 FT911-1045 0
618 0 FT911-4360 0
618 0 FT911-784 0
619 0 FT911-127 2
619 0 FT911-2598 1
619 0 FT911-286 1
619 0 FT911-5238 0
619 0 FT911-556 0
620 0 FT911-1014 0
620 0 FT911-1129 0
620 0 FT911-2181 1
620 0 FT911-2331 1
620 0 FT911-2374 0
620 0 FT911-2592 1
620 0 FT911-2819 0
620 0 FT911-813 0
621 0 FT911-1699 0
621 0 FT911-4175 0
621 0 FT911-473 0
621 0 FT911-5051 0
622 0 FT911-139 0
622 0 FT911-2688 0
622 0 FT911-2689 0
622 0 FT911-2786 0
622 0 FT911-2919 0
622 0 FT911-3153 0
622 0 FT911-3354 0
622 0 FT911-3726 0
622 0 FT911-3785 0
622 0 FT911-4001 0
622 0 FT911-5356 0
622 0 FT911-576 0
623 0 FT911-1132 0
623 0 FT911-1292 0
623 0 FT911-40 0
623 0 FT911-4086 1
623 0 FT911-900 0
624 0 FT911-2608 0
624 0 FT911-3687 0
625 0 FT911-1987 0
626 0 FT911-135 0
626 0 FT911-2317 0
626 0 FT911-4182 0
626 0 FT911-4339 0
626 0 FT911-4997 0
626 0 FT911-5298 0
626 0 FT911-667 0
627 0 FT911-1386 0
627 0 FT911-2187 0
627 0 FT911-2431 0
627 0 FT911-2761 0
627 0 FT911-5080 0
630 0 FT911-1251 0
630 0 FT911-1254 0
630 0 FT911-1388 0
630 0 FT911-1599 0
630 0 FT911-1782 0
630 0 FT911-1813 0
630 0 FT911-1815 0
630 0 FT911-2005 0
630 0 FT911-2011 0
630 0 FT911-2053 0
630 0 FT911-2570 0
630 0 FT911-3050 0
630 0 FT911-3266 0
630 0 FT911-3396 0
630 0 FT911-3780 0
630 0 FT911-3839 0
630 0 FT911-3939 0
630 0 FT911-3953 0
630 0 FT911-4019 0
630 0 FT911-4068 0
630 0 FT911-409 0
630 0 FT911-4294 0
630 0 FT911-4328 0
630 0 FT911-4623 0
630 0 FT911-4706 0
630 0 FT911-5208 0
630 0 FT911-5225 0
630 0 FT911-5241 0
630 0 FT911-5247 0
630 0 FT911-837 0
630 0 FT911-910 0
631 0 FT911-127 0
631 0 FT911-1296 0
631 0 FT911-2119 0
631 0 FT911-3269 0
631 0 FT911-3779 0
631 0 FT911-5238 0
632 0 FT911-1063 0
632 0 FT911-1535 0
632 0 FT911-2853 2
632 0 FT911-3028 1
632 0 FT911-3058 0
632 0 FT911-3163 0
632 0 FT911-3166 0
632 0 FT911-3169 0
632 0 FT911-3574 0
632 0 FT911-4398 0
632 0 FT911-4912 1
632 0 FT911-692 0
632 0 FT911-697 0
632 0 FT911-826 0
632 0 FT911-933 0
633 0 FT911-1092 0
633 0 FT911-1680 0
633 0 FT911-1683 0
633 0 FT911-1884 0
633 0 FT911-2143 0
633 0 FT911-2582 0
633 0 FT911-2739 0
633 0 FT911-2794 0
633 0 FT911-2948 0
633 0 FT911-3361 0
633 0 FT911-3532 0
633 0 FT911-3647 0
633 0 FT911-368 0
633 0 FT911-370 0
633 0 FT911-372 0
633 0 FT911-373 0
633 0 FT911-374 0
633 0 FT911-376 0
633 0 FT911-377 0
633 0 FT911-3986 0
633 0 FT911-485 0
633 0 FT911-4857 0
633 0 FT911-559 0
633 0 FT911-633 0
633 0 FT911-864 0
633 0 FT911-865 0
634 0 FT911-1450 0
634 0 FT911-1686 0
634 0 FT911-81 0
635 0 FT911-3142 0
635 0 FT911-3365 0
635 0 FT911-4116 0
635 0 FT911-473 0
636 0 FT911-3127 0
636 0 FT911-4045 0
636 0 FT911-428 0
636 0 FT911-4336 0
636 0 FT911-4753 0
636 0 FT911-4761 0
636 0 FT911-4763 0
636 0 FT911-4865 0
636 0 FT911-5037 0
636 0 FT911-576 0
636 0 FT911-880 0
637 0 FT911-1990 0
637 0 FT911-287 0
637 0 FT911-3296 0
637 0 FT911-3464 0
637 0 FT911-4014 0
637 0 FT911-4506 0
637 0 FT911-4916 0
637 0 FT911-4919 0
637 0 FT911-5026 0
638 0 FT911-1667 0
638 0 FT911-309 0
638 0 FT911-3127 0
638 0 FT911-3375 0
638 0 FT911-4763 0
638 0 FT911-4807 0
638 0 FT911-4972 0
638 0 FT911-5037 0
639 0 FT911-1593 0
639 0 FT911-189 0
639 0 FT911-1895 0
639 0 FT911-2453 0
639 0 FT911-3916 0
639 0 FT911-3936 0
639 0 FT911-4416 0
639 0 FT911-458 0
639 0 FT911-4598 0
639 0 FT911-4971 0
639 0 FT911-55 0
639 0 FT911-794 0
639 0 FT911-809 0
640 0 FT911-1298 0
640 0 FT911-1382 0
640 0 FT911-2141 0
640 0 FT911-3274 0
640 0 FT911-3418 0
640 0 FT911-3645 0
640 0 FT911-5175 0
641 0 FT911-1460 2
641 0 FT911-2917 0
641 0 FT911-2963 0
641 0 FT911-3140 0
641 0 FT911-5291 0
642 0 FT911-2429 0
642 0 FT911-2716 0
642 0 FT911-3432 0
642 0 FT911-3433 0
642 0 FT911-3446 1
642 0 FT911-3449 0
642 0 FT911-5253 0
642 0 FT911-665 0
642 0 FT911-802 0
643 0 FT911-2218 0
643 0 FT911-2334 0
643 0 FT911-3436 0
643 0 FT911-4384 0
644 0 FT911-1689 1
644 0 FT911-2885 0
644 0 FT911-3395 0
644 0 FT911-807 0
645 0 FT911-132 0
645 0 FT911-137 0
645 0 FT911-1567 0
645 0 FT911-1593 0
645 0 FT911-2173 0
645 0 FT911-3019 0
645 0 FT911-3757 1
645 0 FT911-3870 0
645 0 FT911-3906 0
645 0 FT911-3908 0
645 0 FT911-3911 0
645 0 FT911-3913 0
645 0 FT911-3920 0
645 0 FT911-3921 0
645 0 FT911-3922 0
645 0 FT911-4013 0
645 0 FT911-4053 0
645 0 FT911-4085 0
645 0 FT911-4347 0
645 0 FT911-4628 0
645 0 FT911-4754 0
645 0 FT911-4874 0
645 0 FT911-5319 0
645 0 FT911-59 0
646 0 FT911-1623 0
646 0 FT911-340 0
646 0 FT911-3721 0
646 0 FT911-809 0
647 0 FT911-1013 0
647 0 FT911-1014 0
647 0 FT911-1015 0
647 0 FT911-1338 0
647 0 FT911-19 0
647 0 FT911-2518 0
647 0 FT911-2523 0
647 0 FT911-2750 0
647 0 FT911-3410 0
647 0 FT911-3411 0
647 0 FT911-3412 0
647 0 FT911-3415 0
647 0 FT911-3417 0
647 0 FT911-3445 0
647 0 FT911-3639 0
647 0 FT911-4135 0
647 0 FT911-4180 0
647 0 FT911-433 0
647 0 FT911-4711 0
648 0 FT911-1115 0
648 0 FT911-1962 0
648 0 FT911-293 0
648 0 FT911-3026 0
648 0 FT911-3271 0
648 0 FT911-4580 0
648 0 FT911-4585 0
648 0 FT911-5177 0
648 0 FT911-647 0
648 0 FT911-765 0
648 0 FT911-795 0
649 0 FT911-139 0
649 0 FT911-3913 1
649 0 FT911-3918 1
649 0 FT911-3924 0
649 0 FT911-3933 0
649 0 FT911-3935 0
649 0 FT911-3936 0
649 0 FT911-4684 0
649 0 FT911-4842 1
649 0 FT911-647 0
650 0 FT911-1027 0
650 0 FT911-3405 0
650 0 FT911-3409 0
650 0 FT911-4753 0
650 0 FT911-4787 0
650 0 FT911-4792 0
651 0 FT911-2153 0
651 0 FT911-4 0
652 0 FT911-2267 0
652 0 FT911-338 0
652 0 FT911-3408 0
652 0 FT911-3503 0
653 0 FT911-1392 0
654 0 FT911-1947 0
654 0 FT911-2313 0
654 0 FT911-2752 0
654 0 FT911-3121 0
654 0 FT911-3230 0
654 0 FT911-3749 0
654 0 FT911-73 0
655 0 FT911-2621 0
655 0 FT911-3355 0
655 0 FT911-3375 0
655 0 FT911-487 0
655 0 FT911-5330 0
656 0 FT911-242 0
656 0 FT911-475 0
656 0 FT911-5222 0
658 0 FT911-1822 0
658 0 FT911-195 0
658 0 FT911-3351 0
658 0 FT911-5011 0
658 0 FT911-5100 0
658 0 FT911-55 0
659 0 FT911-1450 0
659 0 FT911-3396 0
659 0 FT911-3824 0
660 0 FT911-4525 0
661 0 FT911-2621 0
661 0 FT911-4014 0
661 0 FT911-4752 0
662 0 FT911-1257 0
662 0 FT911-1375 0
662 0 FT911-1896 0
662 0 FT911-2313 0
662 0 FT911-2975 0
662 0 FT911-308 0
662 0 FT911-4608 0
662 0 FT911-4740 0
662 0 FT911-5057 0
663 0 FT911-2292 0
664 0 FT911-1239 0
664 0 FT911-1390 0
665 0 FT911-1070 0
665 0 FT911-1304 1
665 0 FT911-1693 0
665 0 FT911-1725 0
665 0 FT911-2304 0
665 0 FT911-2312 0
665 0 FT911-2330 0
665 0 FT911-2425 0
665 0 FT911-2650 0
665 0 FT911-2676 0
665 0 FT911-2701 0
665 0 FT911-302 0
665 0 FT911-3256 0
665 0 FT911-3496 0
665 0 FT911-3546 0
665 0 FT911-5176 0
666 0 FT911-1092 0
666 0 FT911-1576 0
666 0 FT911-241 0
666 0 FT911-283 0
666 0 FT911-3738 0
666 0 FT911-3905 0
666 0 FT911-3971 0
666 0 FT911-477 0
666 0 FT911-517 0
666 0 FT911-5242 0
666 0 FT911-865 0
667 0 FT911-1569 0
667 0 FT911-1957 0
667 0 FT911-2375 0
667 0 FT911-2577 0
667 0 FT911-2669 0
667 0 FT911-3529 0
667 0 FT911-3533 0
667 0 FT911-475 0
668 0 FT911-2956 0
668 0 FT911-4018 0
668 0 FT911-5221 0
670 0 FT911-1223 0
670 0 FT911-1391 0
670 0 FT911-1680 0
670 0 FT911-2035 0
670 0 FT911-2142 0
670 0 FT911-2374 0
671 0 FT911-3963 0
674 0 FT911-1288 0
674 0 FT911-1702 0
674 0 FT911-2331 0
674 0 FT911-2606 0
674 0 FT911-3129 0
674 0 FT911-426 0
674 0 FT911-4348 0
674 0 FT911-558 0
674 0 FT911-562 0
674 0 FT911-804 0
674 0 FT911-82 0
675 0 FT911-3358 0
675 0 FT911-4168 0
676 0 FT911-4195 0
677 0 FT911-1349 0
677 0 FT911-4465 0
677 0 FT911-4466 0
678 0 FT911-1100 0
678 0 FT911-1407 0
678 0 FT911-2161 0
678 0 FT911-2416 0
678 0 FT911-2907 0
679 0 FT911-1147 0
679 0 FT911-4581 0
680 0 FT911-1112 0
680 0 FT911-1219 0
681 0 FT911-2750 1
681 0 FT911-3417 0
681 0 FT911-4135 0
681 0 FT911-4597 0
681 0 FT911-682 0
682 0 FT911-788 0
683 0 FT911-1014 0
683 0 FT911-1387 0
683 0 FT911-1794 0
683 0 FT911-1963 0
683 0 FT911-2132 0
683 0 FT911-2360 0
683 0 FT911-3158 0
683 0 FT911-3272 0
683 0 FT911-5086 0
683 0 FT911-5177 0
683 0 FT911-5338 0
684 0 FT911-1230 0
684 0 FT911-132 0
684 0 FT911-1340 0
684 0 FT911-2052 0
684 0 FT911-2139 0
684 0 FT911-3329 0
684 0 FT911-3345 0
684 0 FT911-5265 0
685 0 FT911-1685 0
686 0 FT911-100 0
686 0 FT911-1021 0
686 0 FT911-1338 0
686 0 FT911-28 0
686 0 FT911-3135 0
686 0 FT911-3796 0
686 0 FT911-790 0
686 0 FT911-794 0
687 0 FT911-1099 0
687 0 FT911-1467 0
687 0 FT911-1485 1
687 0 FT911-1577 0
687 0 FT911-1642 0
687 0 FT911-1787 0
687 0 FT911-1908 1
687 0 FT911-2033 0
687 0 FT911-2049 1
687 0 FT911-2309 0
687 0 FT911-2440 0
687 0 FT911-249 0
687 0 FT911-2582 0
687 0 FT911-271 0
687 0 FT911-2757 0
687 0 FT911-3097 0
687 0 FT911-3109 0
687 0 FT911-3134 0
687 0 FT911-3986 0
687 0 FT911-4010 1
687 0 FT911-4978 0
687 0 FT911-62 0
688 0 FT911-2314 0
688 0 FT911-5300 0
689 0 FT911-106 0
689 0 FT911-1120 0
689 0 FT911-1227 0
689 0 FT911-1806 0
689 0 FT911-2569 0
689 0 FT911-3389 0
689 0 FT911-3522 0
689 0 FT911-647 0
690 0 FT911-1434 0
690 0 FT911-2117 0
690 0 FT911-2399 0
690 0 FT911-735 0
691 0 FT911-1879 0
691 0 FT911-2074 0
691 0 FT911-2154 0
691 0 FT911-3727 0
691 0 FT911-3906 0
691 0 FT911-4341 0
691 0 FT911-4543 0
691 0 FT911-4643 0
691 0 FT911-4703 0
691 0 FT911-4959 0
691 0 FT911-782 0
692 0 FT911-4011 1
692 0 FT911-4014 2
692 0 FT911-4015 1
692 0 FT911-4917 0
693 0 FT911-1773 0
693 0 FT911-1949 0
693 0 FT911-2314 0
693 0 FT911-3389 0
693 0 FT911-370 0
693 0 FT911-4208 0
693 0 FT911-4600 0
694 0 FT911-1483 1
694 0 FT911-1907 0
694 0 FT911-2821 1
694 0 FT911-3642 0
694 0 FT911-4197 1
694 0 FT911-487 1
695 0 FT911-1210 0
695 0 FT911-2138 0
695 0 FT911-2281 0
695 0 FT911-269 0
695 0 FT911-3336 0
695 0 FT911-3526 1
695 0 FT911-4489 0
695 0 FT911-66 0
696 0 FT911-1370 0
696 0 FT911-2280 0
696 0 FT911-233 0
696 0 FT911-2621 0
696 0 FT911-2704 0
696 0 FT911-2887 0
696 0 FT911-4057 0
696 0 FT911-4089 0
697 0 FT911-3039 0
697 0 FT911-4088 0
698 0 FT911-1300 0
698 0 FT911-1301 0
698 0 FT911-1304 0
698 0 FT911-1316 0
698 0 FT911-1693 0
698 0 FT911-2797 0
698 0 FT911-3717 0
698 0 FT911-5042 0
699 0 FT911-4453 0
699 0 FT911-4919 0
699 0 FT911-5024 0
